% Notes combination dictionary
% One note
1 0 0 0 0 0 0 0 0 0 0 0 Perfect_unison
% Two notes
1 1 0 0 0 0 0 0 0 0 0 0 Minor_2nd_Major_7th
1 0 1 0 0 0 0 0 0 0 0 0 Major_2nd_Minor_7th
1 0 0 1 0 0 0 0 0 0 0 0 Minor_3rd_Major_6th
1 0 0 0 1 0 0 0 0 0 0 0 Major_3rd_Minor_6th
1 0 0 0 0 1 0 0 0 0 0 0 Perfect_4th_Perfect_5th
1 0 0 0 0 0 1 0 0 0 0 0 Tritone
% Three notes
1 0 0 0 1 0 0 1 0 0 0 0 M
1 0 0 1 0 0 0 1 0 0 0 0 m
1 0 0 1 0 0 1 0 0 0 0 0 dim
1 0 0 0 1 0 0 0 1 0 0 0 aug
1 0 0 0 0 1 0 1 0 0 0 0 sus4_sus2
% Four notes
1 0 0 0 1 0 0 1 0 0 1 0 7
1 0 0 1 0 0 0 1 0 0 1 0 m7_M6
1 0 0 0 1 0 0 1 0 0 0 1 M7
1 0 0 1 0 0 0 1 0 0 0 1 m(maj7)
1 0 0 1 0 0 0 1 0 1 0 0 m6
1 0 0 0 1 0 0 0 1 0 1 0 aug7
1 0 0 1 0 0 1 0 0 1 0 0 dim7
1 0 0 1 0 0 1 0 0 0 0 1 dim(maj7)
1 0 0 0 1 0 1 0 0 0 1 0 7(b5)
1 0 0 0 0 1 0 1 0 0 1 0 7sus4
1 0 0 0 0 1 0 1 0 0 0 1 M7sus4
1 0 1 0 0 0 0 1 0 0 1 0 7sus2
1 0 1 0 0 0 0 1 0 0 0 1 M7sus2
1 0 1 0 1 0 0 1 0 0 0 0 add2
1 0 1 1 0 0 0 1 0 0 0 0 madd2
% Five notes
1 0 1 0 1 0 0 1 0 0 1 0 9
1 0 1 1 0 0 0 1 0 0 1 0 m7(9)
1 1 0 0 1 0 0 1 0 0 1 0 7(b9)
1 0 0 1 1 0 0 1 0 0 1 0 7(\#9)
1 0 1 0 1 0 0 1 0 0 0 1 M9
1 0 1 1 0 0 0 1 0 0 0 1 m(maj7,9)
1 0 1 0 1 0 0 1 0 1 0 0 M6(9)
1 0 1 1 0 0 0 1 0 1 0 0 m6(9)
1 0 1 0 1 0 1 0 0 0 1 0 7(b5,9)
1 1 0 0 1 0 0 0 1 0 1 0 aug7(b9)
% Six notes
1 0 1 0 1 1 1 0 0 0 1 0 7(b5,9,11)
1 0 1 0 1 1 0 1 0 0 1 0 9(11)_or_9sus
1 0 1 0 1 0 1 1 0 0 1 0 9(#11)
1 0 1 1 0 1 0 1 0 0 1 0 m7(911)
1 0 1 1 0 1 0 1 0 0 0 1 m(maj7911)
1 0 1 1 0 1 1 0 0 1 0 0 dim11
1 0 1 0 1 0 1 1 0 0 0 1 M9(\#11)
1 0 1 1 0 1 0 1 0 1 0 0 m6(9,11)
% Seven notes
1 0 1 0 1 0 1 1 0 1 1 0 13(#11)
1 0 1 0 1 0 1 1 0 1 0 1 M13(\#11)
1 0 1 1 0 0 1 1 0 1 0 1 m(maj7,9,\#11,13)
1 0 1 1 0 1 1 0 1 1 0 0 dim11(13)